32 32
8.610748758654385 4.468288036857441 9.715248608261222 1.984237289463443 0.4756353724181739 8.057078660881173 0.5111863371539482 2.8027898837049503 8.254925405304839 3.0658926780570717 4.267785976931013 3.032945491921577 3.0298880733813647 7.4679216129132096 4.5660427534770145 7.96355993895823 8.888647069023905 7.113120537748178 8.171013518334613 7.162513375503718 3.954110015334379 2.1043500275428704 4.710162390391977 4.4784871685097025 4.675827817333207 6.1576303343814285 4.551975055860612 0.16042331840160462 7.863749019047681 8.331818616598202 9.501608723354016 2.0797204050122375
5.832291422656404 4.669272012094542 3.7088927339896394 0.30759437686955104 1.5526696580682153 5.689346532619135 3.766499010146579 8.734718699258273 9.634854154826076 5.500155285277741 0.7312611083392306 8.452893228789035 9.979035161297706 3.0163195769902207 1.6590003688249588 1.2938233330843374 3.7353507408860356 6.626260731427378 1.3708794413680425 3.185563472554571 1.5821571745306184 5.110130006760572 0.9024360400718412 0.7361454144837032 6.400413813033289 5.018237855512021 7.719008334238994 1.8857415441739511 8.570737618899546 4.8738019698918675 5.007836391723379 8.882977105744278
1.5603862589772854 6.111019001600317 3.6255522523545904 2.977396527396161 1.4201455161101595 6.917532621636737 3.668807632048993 1.0645783953173216 7.85299965926166 1.026796835363385 5.6742681345424835 1.4884697076615494 6.168757887512289 1.0192914256019936 6.287699155702164 8.337938167324937 2.5697910261010017 2.306105080481271 9.937154399289756 3.696347614304405 7.011924665201493 9.31466329839369 8.853774752287713 6.413364874894732 2.0578972965776785 2.7952607594568923 5.467287676000895 7.394675416643794 0.6215531524550455 5.145186636333673 1.7436736443760292 4.612100822557315
4.78654795156309 2.653674648057237 3.239803958926508 2.763750085468284 3.8650260738267117 0.9765444609823692 4.222979800969968 8.29696328382871 9.669366043778634 8.490779556413505 6.24410672922906 1.3695925908015305 8.284896079340173 7.413463268264373 4.161723627372717 1.7181292390549807 7.665216404980633 9.618646447528263 8.747390515549982 9.375213145569914 8.844374210386421 8.973464834707038 3.578743881067438 6.287385912839669 0.33620995560430966 2.8179935248863517 5.349756582570135 5.705606397453381 9.064383467711092 2.0089449422735495 5.121585337592878 5.033469685444199
1.9296470722986625 4.061092467560629 5.256857645462323 5.55322479538789 7.746117825544211 4.823543727604108 6.906755988827973 0.8675092710191168 6.916838698683839 7.273363944734223 3.1559976339557227 7.436748889049179 8.486102284940376 9.660081683986776 2.4986304761947684 5.97380684568864 8.71349323559088 7.3639075965419725 8.868423567933979 8.837139214617057 4.276725888866423 2.0501195699848527 5.753670681492656 1.9360456122926983 7.902332425684062 2.50652234531604 1.1799632931450765 3.282456580148688 2.7500137237428723 8.088279571573182 7.139793136593089 9.954618253460348
9.916484794878677 0.21332057784376635 1.9532821231528674 0.9555254706887217 1.4602245222200727 1.5771883283785104 1.8415360296365957 5.411650430431063 6.566963241454954 4.515259456910669 8.257669438940786 4.147785663181548 9.595062870215092 6.352438760873102 9.1366229052742 1.4303353498687865 5.296932973648387 6.075010649140005 5.363783011100037 0.44108712268061123 2.6797780738628973 3.615832361830763 3.9968437453988948 8.58696665022874 0.9376618426440364 8.761746553357405 8.722329015402305 6.211059075530193 0.7332016288419085 1.127014056853527 7.662574691052947 4.7297490326668346
3.75510405710326 6.626519986348232 5.5373598674427225 0.829940357162664 7.980985335050627 1.1143781380226259 4.847771662931644 9.91690915396305 1.4197225316564555 4.310806655196526 7.064071563884377 1.2926243178607721 0.934227871324459 4.10754517071272 4.271341973039473 4.815402811432957 7.8343294275566135 3.9176828036302638 0.6120689743771357 6.555822158615797 3.6299586982883882 1.379219875165364 0.554353806093375 6.864945588177054 3.303948059734658 3.1049078818702993 0.12787109113018502 2.5501030865982433 0.2735926893372309 4.231241284597963 9.497513322593521 7.2783570325198435
9.460236776220148 8.97960538083171 3.0584372302289378 3.144461923396671 1.1333439595906447 5.666123337703882 3.188554721276806 0.19040735037141654 4.545282022071558 4.68523557205307 7.482228259787977 0.10853348492192105 0.934372257168663 8.375080610125506 4.602911261207886 5.127225765536308 4.133186339246672 9.994729269021029 8.170471176045224 8.530955941994282 7.018571180967945 3.8565205598855554 2.76972470756788 6.109942984947276 8.849956329229641 0.4933366585431631 7.976035920616301 8.437764064677115 8.629813703314284 5.826199960321308 4.4512419994251715 6.602172009614032
6.301558064522805 6.495034377136971 9.129254801461695 3.6127201208083526 5.592770957122541 9.050785916395002 9.012446908852345 3.3146725500440146 4.100750361169733 9.483234511110384 0.059645224979846256 9.61840056447677 9.947778848574686 5.375090556853666 6.1079904392508055 9.831990955086368 9.056029480187473 2.6987530700987783 9.324336030577399 4.151235557441746 5.152097111984899 9.683233930259123 7.845588363968828 9.967883408408559 5.776484437816734 3.4310497009139427 6.11411917986972 8.779887677712132 6.540043534968804 8.246665460687856 7.024666733682352 6.658409837960097
9.98384572485931 9.719498012762443 4.614502656107817 0.1495666529598605 7.529622935020588 6.6516763317197904 9.64066837173412 9.5452283829437 3.3305006448837835 1.2542145797690119 0.8523001046983092 6.842846452295619 0.6879673443272338 7.87566691631638 3.299564321400219 1.1938494808685018 4.194162698223508 6.947250624398436 5.017801688215343 5.480233980217131 1.6537633811698693 7.286896759629072 7.236832534092378 5.936388033190003 1.7174252872216822 9.757062759074998 2.2644958341128008 7.257834158428286 6.64643789686739 8.979474588550323 2.226016228652382 2.9565798822078504
0.557589882855758 6.469269748136208 3.128781158445922 5.1746211851256625 9.065401241977106 2.7499664747937027 4.6928407850999845 7.839432974483512 2.0492171520362845 6.364408134708867 7.3175147679702865 0.5029177411061214 7.305407378709971 1.37819315539647 4.835793796045421 7.431510883524059 8.852649670713829 7.758018552529085 2.1809339780951396 6.258621430312963 0.3910844080478393 4.635993875509426 7.444011860943212 8.99675031983889 3.398356581374183 0.570820893528512 4.964344633161815 3.3768364040616827 0.540880732180814 5.113899328560666 2.41109405561984 8.37893486488326
4.323470367751156 8.285970723229651 5.946698738534164 1.3640901121560167 7.1545218614258355 4.222861219125211 4.695342788581978 0.8921599098574329 4.643691590286073 3.1531040100437426 1.473323210121229 3.8906228083220897 6.528483384285262 1.8148328481859222 1.1467919215342937 9.868655846784758 4.563805109441734 6.184867215742344 7.6187572342242955 7.029994038103188 5.036610165058727 2.5952584107222365 3.7105400960029056 5.816034424576554 6.802976112901558 0.7952789781264147 0.07892584781705958 0.3408455832061763 1.324210883532534 6.275889038971747 2.6256728630532953 1.5970375186151298
7.674983337618669 4.730201129594024 8.245631414827317 1.6026726827821536 5.356628900163818 4.711042688427735 3.539209163948711 8.54978711034757 3.9694829013355992 2.5207453313688077 8.266121553164373 2.740610700912709 0.6441289567311625 0.2266607550253097 2.999889329465386 0.8262097773184007 0.6628860614991328 2.5723857019263496 9.1569322762133 7.1477894973657445 1.71306331367028 0.33943131347081157 6.723116257225429 9.867254068028242 1.1761337856369825 8.566101156052818 1.7917474352466212 7.3829492162176455 4.414928287257086 0.4319484898574122 1.0611223007424875 0.5671775049563021
3.066085342642628 7.3987780113304495 1.2170018848292385 6.123291568891798 2.4589130014668314 0.7288808242806144 7.595964831596719 2.0044754435160383 3.0932290945240917 0.33566687402483697 4.117960807965286 2.092854925884037 2.6628409551322973 4.246280150406062 1.3506814306744175 9.748247784243544 8.554068952734168 0.37894752610908466 7.483827790106597 3.611643480466457 4.814706496866225 7.664385576870842 9.297258177670429 7.365541353849272 1.6205556446838587 5.684127690521022 2.393221596250641 6.898196045134981 3.330283335746377 2.196476159026768 4.887884738047563 7.070103948919405
5.484541844289282 7.3753216283800915 5.583474101805191 3.630641326358316 7.758453144147389 1.2372035387273184 0.40083103619882765 5.89519619386075 1.1218282925864675 2.2421947462053327 3.7294313474443963 9.103593788343403 8.912027437283394 5.882938809575671 3.568436959425094 4.238412145118105 4.778926831289093 4.001840124462824 6.739336740778779 0.12112981980919368 4.57459881436296 6.694989444127253 4.996740297775694 9.445449740598374 6.10042344984603 4.218552984076217 4.049767233221272 7.25610634384571 9.276487003033434 4.749942468333913 4.412400906538121 7.586126564599402
7.7264240497803005 2.8766699729157774 6.291116239152679 8.631199051895717 4.6197326182199046 0.23169392749818774 1.4365613500922991 9.527712569205173 0.04497768856746798 6.666269234684755 3.720538989770392 4.281345476970023 6.401459037897191 3.4206484161560304 6.204504843423129 0.2919133024393161 9.351578406255383 2.6850918856173234 8.928336476593262 8.581692177924605 1.4722436136745398 0.6206017549078158 8.473209752685165 1.2722223191753357 5.0274027518077276 6.859984875642616 6.504128852592577 4.752114924541754 3.6206952994395225 5.353529322501895 8.636468928114445 0.08630380838446694
0.3969353245100926 7.7601339035176125 1.8333952480267346 9.674449896226667 7.025869885540029 1.8680168896894855 8.040520166081505 6.397081442016061 8.120550343757841 6.059757572509527 8.966679828551554 0.6258027699293045 8.72642423471753 8.767652674064454 3.7750671419770807 9.642277277121652 1.2316376110880922 2.0449695562035055 8.909931203917393 9.53118269783128 1.5543037595158748 6.402049797873585 9.233736805504808 2.9486983575783787 1.159899534757105 5.375747708910361 5.442858972277767 9.945695726570383 5.2237999661430585 0.18188206401404727 3.5951828841028686 7.232334051131853
6.422087827357888 1.2894117671476402 7.2492756503982925 4.752161952955662 3.3649534579307727 9.530778602243675 4.868140219917793 8.159569076545578 1.0825064876833923 6.080054670140845 6.119438618060306 0.5204621628256334 0.7406820795864977 9.934815282137938 1.4951623885394028 0.38833402526110894 7.962013303559591 3.764396570299684 7.561155107311337 2.0266572449004014 1.1360685886546018 3.3703748542653376 5.069117767695919 0.9375959573877246 9.272605206220083 8.892591916186309 9.543480473939884 8.225052156784384 2.9705102729919295 3.238694253308567 4.633535518753423 8.119515024032957
7.929599144575622 8.2421458392896 2.1692362131106027 3.7652124327317416 9.420468509992414 7.441803010432877 4.5299446462918125 5.356455231118429 6.804974784024286 2.451196372593978 6.444475246365572 2.040171296078105 2.5082721908697336 1.7319705228631521 9.669372336086296 5.591604281406295 3.5997382321853677 3.338389452075743 0.8488483235499955 1.414341886164201 8.925369517445516 3.618927998370405 2.048441499731495 5.91046049676757 1.985615109449207 1.149310595307671 2.3746728379664517 7.970721178586791 1.2291383961183444 4.7568759861496135 0.2875138573077962 5.887865888132666
9.698245317111091 6.819405696075799 1.6813135791115963 3.993712465827115 1.5250239641557184 8.249655088978795 0.8927747283519438 8.155007501995915 2.5120712708641433 9.087827886219335 2.1002112591263664 9.961016729125078 8.443071143578978 4.353480299286019 3.499074549517023 5.800003808610476 8.435455176381442 9.330992102269775 2.4824913060572507 1.070456100228001 3.687915643449935 6.474499410190687 6.739350583118987 5.549515582298258 5.29337276885059 7.7822969297992985 4.782769329973488 1.614131614574138 0.7537143604973218 3.3200291227423695 4.94277028746628 8.343679513783949
6.834848068770474 1.153111767977586 0.034952228068937385 6.759788329767165 9.429418997453588 5.72305743066979 0.598332470556544 5.7066684382403485 9.177299801420126 2.238838203287145 9.707982345484181 6.162852607844532 8.734267524966032 7.92430736402053 6.164734880219172 1.3595293789142426 2.3065700008760945 5.513314813006759 3.2420884184188803 9.0020072190301 0.40024988235162207 3.881528200366512 5.6264205215355165 5.718685582712391 9.438159761079218 3.4526767343055664 8.073372046308638 9.884361241365369 0.35102159461344207 9.920353773100775 5.605334846193619 1.6680393062562004
0.20972144035237394 1.315679603343911 3.4305880623778693 4.673722875922357 8.163148091867228 3.1861314653910187 3.789347050948809 1.441320287168415 1.2964044968591748 5.5274371074898 8.88023723190306 7.816961669229397 0.8852405681783149 2.1447183530426948 1.1664555545912247 5.519309622966922 0.27249373414359845 5.9138809257759295 5.238381475556718 4.981269058479526 8.519579480193254 9.795914818073712 4.21130019232038 7.009759557523538 7.390098943869793 4.894389355648761 7.965631773882423 6.371058536504103 9.512835826364661 6.531585793350332 4.360903501314662 4.915139569361767
6.030475491637461 3.262759940126582 6.508633854623437 3.7675968917346125 5.506792668153871 4.438368068749004 2.607330944727467 3.503197222125416 2.028266272727345 6.529237441478598 4.0514028360242795 4.100809471560315 8.857325944221225 6.123052980583225 0.6768950459201972 6.75321271776697 6.138903271250768 2.1832933354660478 8.22053699825799 4.10923665528725 0.45454088719355523 8.445970936386193 4.537267042800982 5.608371755165694 4.509685951907427 0.4564945354099492 6.427335854607994 7.23689618139982 0.9309419746755554 7.262267815547006 2.6241052865159844 7.539826556098218
1.7900052710860848 2.573877972813875 6.378858206549732 0.4182925119514469 7.276197461471229 7.930298999097584 4.6042751450534585 5.391450424710007 6.875398239952738 0.5747215909179104 1.1612504549848623 4.6341968031074865 3.4762112934891674 5.0638016674910045 4.882361530588497 8.03024161249627 5.254787188079116 4.247101821671121 7.162181466467078 7.296667374790976 3.6744720345313766 4.576191721376022 6.488282978785356 1.7049937607111854 3.2847910837459118 3.1881473921722083 1.6509004405219119 0.4882758846527946 0.9542280798508496 5.278173394354571 0.9549762673931905 7.524124197844044
9.688610763347413 6.896329671982334 6.262179134305351 0.04860041494706091 9.81579635334857 7.3045810803370745 4.9930739274722455 8.015376238090555 3.687578991674566 2.8081977156502838 3.932855862279517 2.0956178560954064 3.8076787110501567 9.997603263257039 8.933133778759379 4.794520576278226 9.609529229352663 9.938792060317054 0.14665803833996627 9.15073164646499 3.110124828130727 5.575478731864576 8.075211362656235 1.9175902935607614 8.290923153996074 9.380792686308482 3.8730626649033786 9.435871579234364 0.7059910098439148 7.448889760241438 6.409225782194216 8.759386298986831
8.534875325601837 0.5239556801835066 2.1497463454750054 2.7318345437960745 5.896417472014271 3.473624667129922 0.05418772039088249 1.895908740391874 0.6600705275933327 5.125732269410456 3.798527033537477 5.22508041642576 1.245578892609761 9.452647763372626 5.099359388444423 0.5417855005582595 8.546624460931916 8.224081974558281 5.682850854921209 6.183208544977328 2.006405761900946 7.851508527464804 1.121941663721976 9.059465200955136 3.5670862981152185 3.6180037588273786 8.978768231438533 6.138826553397463 9.650301677373077 2.326969975262041 0.2601720472083646 7.500259080043242
8.504700346326796 3.6037870697106253 4.8527968346343355 3.8697448031460944 1.4403410434652897 6.523139151427628 1.5905962033765242 4.34502896437639 4.051065200251478 4.288127318399182 9.896914554266411 5.107953281090769 0.6741967494155243 2.6987474302652426 3.537846670915613 6.286495269666625 9.112988187677843 1.8457006843140655 2.22343329942107 8.487591068540667 8.896827035643607 9.95747508007667 9.063394841280537 9.372790615393923 4.0946846813951865 8.985438679443241 0.5367966510443289 3.563910488588775 8.14894782695579 5.017171135982058 2.9820248386343073 4.062923633607756
2.405617553868474 3.8607439420062803 1.723876437776104 5.794367713633813 7.603057920314812 6.732382727640119 7.806151716038291 9.752528322799165 6.747893004444788 9.803915190636689 2.6885504988125843 8.902411312939996 0.06535279302912866 7.759781340281771 2.091720374030792 1.6114730938708988 9.234217966896331 1.783490545548918 3.4944278357357597 2.2089705257363192 3.3208032339933826 5.2448337677977825 7.685128025212271 2.8923749321887584 2.4738595897390026 7.081969203680601 5.615877112268395 0.27506648035817816 8.167578643275103 9.699078447542927 3.3270078088393173 7.199577460942922
3.069503555143027 6.769968547340989 5.1411686805532355 8.362721435497484 8.172571549888673 7.4384556846945316 3.096506010787343 7.202564579816198 5.8932324137249985 5.025405387395746 7.461031952412162 5.748482059534538 3.5463956148244424 6.137375057146728 3.1116832693937058 8.816369695107856 3.5606781807467436 4.791726563668485 5.41230673197719 3.6934445618741907 4.133202740948235 9.059225587988545 6.648668769223747 2.951985762086482 6.95491482212865 4.5638434457596855 9.310064425953296 6.503285850981355 7.181212867337299 2.732799554215256 1.3077403831092937 5.838421708943641
2.550419480449131 2.04474649426871 3.0902171486306096 8.94117186417551 0.1733478627331786 7.568455782758315 2.8238599324779545 2.8581890289312337 4.335195376235939 6.093019748866508 3.292154994646591 0.5775448211146439 8.569777604088872 4.344995193407476 5.137318980848886 4.850948882458872 3.0516765927445633 6.921435531444273 7.088332654794314 5.43341456882255 7.134071132636095 7.172858790472182 2.7741580108608153 6.854654608702051 7.4185375031967595 0.6581697381837137 4.177492233799755 8.641047880410392 9.765213372887011 8.890921055948528 3.2389903808620293 2.5315712361879985
3.6495171035125464 2.213243011259889 8.82773355726521 8.30746861828857 3.9488185791563546 1.7199740216514747 2.562265710839784 9.661987513720645 8.551125068613935 1.9456547378488132 0.25315986772722066 4.010250560289778 4.396968611818241 9.002071218015766 1.844593998999321 3.235764082104292 9.27612632533324 5.655700004031058 2.05398060193438 3.678634934467937 1.2132863402838234 6.87317582166869 5.616268063065677 5.43564758130512 0.17144847594299906 1.5400782095531462 1.2380946643249047 4.010677445858432 6.53500709818357 8.721097333725748 7.605328469182781 7.066205324585891
4.030944192454433 1.5108227808810248 3.6217166385114274 7.983661794835512 8.276827801664837 6.2145751929553015 6.838078966127035 4.78001913766345 9.716741188860746 8.070599629152541 9.217627425687708 8.824542839262424 7.204288147055966 4.434115945562094 5.992834720316488 0.5676262218849937 5.013458635480383 1.9864575107177385 0.2869449502339527 0.6795099757430001 5.379309935096673 9.72010418024075 4.067748194297889 2.290127966900598 4.5283039273852745 0.2588949488214942 1.8332528788970093 1.8428125092019498 1.047534102058676 1.7820074690481769 0.3346990196837596 4.627317508680552