32 32
2.5637686376244027 2.3339629533727555 9.492452745163941 9.74324901338254 6.972377976099915 0.671611086764764 3.3916502093303356 9.53517421720308 8.41573736304172 2.8963632417019793 5.8136814280705025 0.8151981391217988 4.249412173422099 9.243336537392931 4.2474956250559694 4.230491849361131 4.319116385698117 9.290789256651554 1.0620193622899954 3.2333740770414545 4.596178140448808 5.532725075781309 2.7562904068036174 2.2520973103092867 4.365076660173458 1.970644117967566 3.763394826557641 4.001354509936512 3.4434397496857008 3.209052373573913 0.7975132551518938 2.3710225845212065
9.551008310220737 2.4530544399565235 0.7053020620317096 3.987578592085664 4.407822346115584 0.11636735355943117 3.7896544535470134 5.664558423441929 1.6476669613188133 8.630183252840258 0.9824911439637452 8.159025074802722 4.969910009010072 9.322112892942835 3.1814887663418814 4.601699899736746 1.9873368907778233 6.146763640337445 9.905027632446297 6.01231818501247 8.095629507502665 8.453966560934598 0.6673569270635071 6.220381142554965 9.178009785428399 2.9450094255130574 5.386658609378471 6.011037967748357 3.3513066332587815 9.812736650590853 9.287976726519641 2.6858524908194203
5.361140001716556 3.944709044007194 9.657149307880788 6.340342016127297 2.82990357280279 7.017255771228673 5.816662982977637 6.039519949654469 6.277336380843391 1.2488873743788143 2.6585619025673832 1.478201060778509 4.692586466918281 2.6136346253684994 5.0838911256584325 6.44555365792797 0.18285164296458656 0.0030264196851903513 1.0560604335471357 8.725543291721086 4.732301480635266 5.7598650664185485 5.640867440048057 9.973864883706716 5.469856349732965 2.8911270311948165 9.143341016625904 0.543649176732145 9.048622545288454 1.555540215182396 6.037675865912058 5.195946582339733
0.10518643619373602 7.867994502807884 0.07735839517720944 4.524656929415421 0.1398574379641826 0.9578329484918524 4.349210760127412 6.627562775658859 5.984497282900884 7.706891291716822 4.59121999535089 8.559613636891484 1.8863999876797366 0.4396827235373757 4.198006183524845 5.252092969154258 1.7036659072723337 0.3799284984717033 8.229658915818543 4.111277666693831 2.1357457908632393 4.282566249467185 9.369829512857606 3.6540178245422714 2.134775879200582 0.3376034166941211 9.044075647294806 3.1097052812243553 1.9825655044637802 1.3277594164315099 2.316929364539415 9.878717833825018
0.1827289039507174 8.170031155378993 1.445653144736263 4.7910682926922155 3.626669103991822 4.303862338566673 7.8842816455086435 0.9787243492934361 7.2686918121397825 9.505629204002615 1.865068825426044 3.6162289241155596 1.4815817236227213 3.09897755471243 4.831859352589184 8.31089673229934 3.535577283113743 9.313017421567976 8.095353758925546 2.351152351723873 9.81753281784175 6.049145222940937 2.211452185859053 5.254670223272275 1.3773935832035644 4.929983861287306 5.41984722382626 7.084350191520693 4.498034318393928 2.3507548079159166 0.6042850984430781 1.7083070585745919
7.666211737570357 8.108002353016051 1.4153467661818253 4.790335457839881 4.366449090834596 0.9277208798847181 9.430639831326683 9.106391067190982 7.080145801913149 4.636079127403595 0.35713564122979546 6.557165731404227 1.295593424331467 7.790057743493017 3.050396659505361 8.006592683112522 4.35729457840087 0.7010186413080521 1.7269177408287084 8.851886520393391 8.561981578398663 2.6470445805766984 2.9075339929577138 7.661824553014766 9.156016559288547 3.3949366986598406 0.06579416926321247 7.129692527744814 8.457955763185653 5.135272239825511 0.7180324794591708 3.4202501485661383
4.555623629960229 4.311825175728378 9.258435843896232 9.585085125161093 3.359949141087136 5.339295485141077 9.863866381384483 8.009740626043435 9.604884072159091 6.304876369699917 8.515483920059271 6.726249725490999 2.44692280190086 4.020821506328275 7.750083532513852 5.341196075241338 6.1770459899612105 6.84471152566855 4.536996077112479 9.455053352639188 9.404170474778505 3.968543682248492 0.4811279712518479 9.15417961311121 9.511049124585577 1.3090233322923583 2.731435763441298 8.87881574657417 6.366100752805496 6.62135010716561 1.124369404234974 9.13571448495967
9.079023796533953 0.04686805560292662 8.958318785022797 6.251566521520498 5.705700720521336 2.3976557798286233 1.302097425029275 5.93025523638456 7.634468234536244 1.2705640292266185 3.544747913729729 9.352963626812715 6.345669691187732 0.5069503204813597 3.2371029543973084 4.359070617007921 2.615558490407456 9.450036460811615 9.152908126406645 5.935607724588917 0.4321774348220264 6.025234631609688 3.1856731854439726 0.2960698145275453 2.632124572134147 4.312987389900176 8.352939249195847 8.418492642525843 8.962603444286508 6.020987603554284 4.108158543890497 5.034194852142885
5.569407284813387 7.957178539654307 3.7878128203135706 6.269748624620309 4.246236583933891 9.911944327477137 5.906671566172273 3.288256809190454 3.624677480762136 7.584789801915841 8.934487263776255 6.091125884463935 0.3990471333154044 8.63420938943316 7.875829225754364 2.3130083569543993 7.013843849836467 4.141703869413602 4.238718853496389 6.215380734465976 1.6012767623980595 2.7330877094998716 7.85948588419884 8.855097774810936 5.253648862090685 7.779286647148247 6.426448996823934 7.386088780778191 3.2533691311268367 7.414065349924251 9.60372589614585 5.802320957697243
8.370751320433914 7.94458709593809 6.2730404393763415 1.5795909361328209 2.3856339763834313 4.115522241532333 4.033388909571064 8.061918105953165 7.829192925801596 8.902227491842437 0.8199537441949234 6.2796245047866 8.773461370788162 1.3013524683203737 6.330306691084514 0.5288336628583934 6.755515252210164 8.015092842098781 2.508874538933844 4.0434073132659 5.70533599576172 2.504719872572286 4.547300060502463 7.56987443491778 9.187405212001693 2.192696541580965 9.248987271669879 1.2751618317239632 5.017228310647988 6.859829469465577 8.04050553334352 5.3759373986248455
7.055752174844336 4.615707150961647 0.9107748220193324 7.591837011528199 4.361516221267827 8.961276552410894 4.946557099944405 5.595213696052808 6.202742247271733 5.280930625516992 3.1999078430515624 0.39504796071293313 4.804975866225185 9.51738460252276 6.971605223168089 7.812646918048101 0.592621983304702 0.967299917620551 7.458386354228244 5.144897992910477 7.046514789065066 3.251750428270598 4.1837647406644045 0.4199457193810563 5.387819145631462 7.622696672604439 2.254919551994359 8.66568321883231 0.4883361134275266 3.4826118039396867 3.434898858740747 8.239581087098626
2.1534185642402424 1.9627206020047894 0.961156112272592 0.11739317949495232 3.319413310030522 2.9009318729955913 8.1414228479834 2.1098976589867604 3.5697131528054182 8.240074402844629 7.75381908907268 6.815409786142551 7.901820878262756 0.9343003473909606 3.8927168217944996 9.69880470874947 1.5773793155829963 9.78207582101838 2.6809471496902413 5.541659349749558 6.161919821558051 1.2731905674933175 7.075204850090451 2.701376131904498 7.7409115133650985 8.201800777036203 4.589008985943077 0.9389735667501753 4.404171104666535 6.037152454480472 4.858340037854032 1.2370726857496284
8.632645531869002 5.689180460945815 7.088228297577787 3.3401970157775396 4.241515797689318 6.288608860795297 6.40137438572307 4.794950874549779 5.934354187640349 6.1348734894914125 4.641895352400348 7.913798906079462 7.63666537684863 1.9435005638831737 4.3999543418887 2.8049651746655115 8.09010176211295 1.9755069923050117 4.221707330438957 1.7044551881342251 8.687615794662916 6.519045304409773 0.5995335989332828 2.2724554548402165 6.215400249613695 0.148246198884463 0.9085308899105282 2.437079693290367 7.925761387398046 0.7629227634195457 0.18100039618863417 9.815904135926413
6.57853700349726 1.2141794788541982 5.729265209149309 8.543299437065338 7.585476055598433 0.2029968888190936 4.089354450451194 6.057762249503172 4.032185809965155 7.6568334046446225 3.638727209501713 4.234651138310628 4.2926132824845915 9.160131458458059 0.0509546598385624 0.4660392774558686 3.214028635340843 9.176321011488035 6.888411655561869 8.40370050138464 1.7008206323795194 5.568743103788893 5.601887302772725 8.57271463735234 5.044630313017013 8.620513109385058 9.763994607655457 8.983702594319784 9.827781429550736 6.088173287095804 8.7175960008882 8.195043011470018
1.9147014320512223 0.8324264502583045 7.559368585375333 4.492451181527409 1.8337537437318974 7.535630981993508 1.1232415428468168 0.5940208810475178 1.043464444654163 3.8118003924566213 5.32955954762016 3.0181952130807344 8.936736557253619 4.654796918328286 5.753240964300122 6.500319928299384 7.08840320746069 6.829586032351446 3.612272577226924 9.341114760867733 2.3894051932117866 0.7535316465187181 5.723773746791273 9.427350702853971 8.46272759466808 2.1054993435228733 7.808075934416811 3.311918823278078 6.679895998791593 3.4647705095539125 0.6725502351707635 4.424840574196952
7.6367466755255435 6.307683373041607 0.3679673274338946 1.4421264400890532 0.24946816911866176 2.791993355162814 7.387335798257483 6.138300037024561 0.009669632799683692 5.582600371939449 1.9154884175667897 1.4771892173098278 6.941493490088655 3.6623028615983144 0.5992502332252081 2.825961153808839 6.450857202679938 9.429865372845121 4.954968698384759 1.7274747756676434 4.705189408241935 8.561005536136992 4.2404581892340945 6.934888329270033 3.746236250006454 1.8721980398804083 7.655305475498874 2.7574169714374266 0.5856454862753058 9.349265567869482 5.063029315286805 0.0023058939339426487
3.146610306091434 4.612630523904832 0.7047126467265996 7.0156918781029995 9.02570270440388 5.021901585852349 7.2789740680991795 5.209912641536027 9.713962278147664 1.887319182114321 4.601865674724813 0.4095399322093374 0.16726787962890732 5.929759229735091 0.6092008673575278 4.976414658789183 3.6651783330366206 1.6597239230272909 5.123452229153083 5.270687527199556 2.0060921094598028 0.5422145743998741 6.44102765094563 9.002178415865963 6.118204859939275 5.074016193518036 6.357661947857885 8.74824162738743 2.4103730336085327 5.410585020413618 6.788576295524226 0.672653799584193
9.863741669660888 1.9759242218641548 9.275310681497544 7.931592850119662 0.3224031629740809 3.4684268190338896 1.6534592656226255 8.695185136331048 7.3862862638566895 5.646109046442848 2.9864679204539444 7.072573984773896 2.9192083253790315 9.18328270311848 0.8404643386270538 5.764244149055132 4.95826382106935 5.2118869738119535 6.947832465895787 0.6148867873405062 7.545692171207756 9.331225412151703 4.252742115516968 5.773694679149884 6.672753618426173 9.953855311222245 5.733670998198052 6.234848558746916 9.069438551489675 3.00865044425172 2.5440051442552 1.6535648358386168
7.519419724649161 9.307471260228468 1.7408900056586019 7.701112945265227 6.38810091499216 9.325841942800627 1.4997611431637325 2.0974194874203334 6.575871849900362 9.256941926452468 0.9625188710769739 7.573732704680719 1.83666026075753 4.152350199714039 7.704348990971268 5.761808933435665 0.33784622978659695 5.500979112783301 8.589208903215674 5.2127690461286305 6.100066242896079 8.530377325196232 3.708210511975224 7.990518364587683 9.651494519800563 6.04144331738063 9.413703229493445 2.6546784068903397 0.12881662589681597 4.563890178706504 6.650715482441653 1.5074906429498847
8.36098921483034 8.621688255993872 7.699305077602525 8.46509485275605 5.383171772464217 3.9231571870934765 8.871629168844068 4.990355008757054 1.2034333897293503 4.392429707845763 0.5301553784667767 0.4237900207445877 1.2750343184228274 1.20303967814681 8.634639063931122 4.637102306030028 7.917199233437618 5.179185840641712 5.212468926635258 2.0599692800212877 5.644354993713786 7.405698326199289 9.517790338206431 9.879107154647627 5.945069109103509 1.3298694713621906 5.517912959128753 3.1833918810776374 9.250291989586133 1.2629291544578125 9.419773158585347 8.901730763006718
6.479344564004261 5.030831777905411 3.992379710973055 0.845804474970866 9.015629334950292 5.965114567500814 1.3217821747309688 2.83605742060025 8.714335572559111 6.529485770526991 8.6730009763061 4.592961369899092 9.08655812042824 3.918486008913107 9.23616610627612 2.6339384228725757 2.714068291516308 5.039576709452287 6.87586493441245 2.5858291727434315 5.368617159900813 3.000968271358019 1.7430576510828921 2.1313313854511993 3.037813111708687 6.917518488053577 1.580840051727086 7.27284559820768 0.5984154832946553 1.009128740510743 2.0868368991938424 2.7712988711322084
3.6261392115394453 3.979707571570449 6.8444888188875375 5.507080892395331 2.502144618080364 1.403249774456783 9.92038640682133 3.266355304078269 1.8486249233922158 7.470954422609523 6.2202431762708335 3.9472026990634945 3.5480725577214245 5.025251755327231 4.733406237176578 8.335173650525096 6.109358646982077 4.670684778940365 5.159130977399901 5.726403798589957 0.25761744372078677 8.752366644568315 5.8968148178843185 6.698085372871166 4.285429131480061 7.285089423039493 7.303123443636926 7.661373863114775 8.150793338053951 4.9112320675449705 0.6123409077372055 0.4509563340784306
2.691134419296002 8.978037247834664 3.9262033467441 2.0063393928443984 8.008228225987908 2.533719694865122 8.308273255863178 4.4391524855176225 9.751317382797692 9.210167790791456 1.2220204562918469 7.719861609370536 5.854896088257111 0.8949610333489277 7.8587008525640565 4.631596354224284 9.09351762903253 9.852012583432652 2.5724794570951093 9.119065060817352 9.493447294742586 8.191855834393811 7.775973831753627 6.1020836123746856 7.437603036884736 8.65596278668383 2.7658239633576143 8.337028090014883 6.967760958156932 7.7655464239828245 4.515202706477472 1.8655149009968541
1.8849183834207806 8.129341489916968 9.882935081057646 7.12885014276579 7.943114986300137 6.015753046460216 4.694304504968214 7.33044861405115 1.6881946743353105 8.702045131250529 6.893014599428774 4.895124553168699 3.818452146553295 7.611693600892916 8.613475704328554 5.5607578487887555 3.5241931566688556 5.548034083276786 2.2990044591269454 6.09234351709501 7.931391076137004 9.643864551429704 5.330269240352534 2.3675737545184217 3.647193748571259 3.3477295395979354 6.167482750934897 4.377372016380132 1.4021952387558378 4.179797346824083 3.103066102741395 2.7954032792286823
0.8468319473820252 9.123224778367456 7.154780146135687 6.570518457271555 8.319571401993612 0.7020467293581956 1.183586675985957 8.630896016140012 2.3966557038767933 8.306774144616599 5.3142119266269106 8.648003617955757 9.923471465936352 1.3628046910988312 3.4226264208237933 9.11608784234865 2.95777692041114 8.85498641625671 0.5608939517173683 9.090752154845468 5.659592941481906 1.8446145603195374 0.41032562745957346 7.006372594961637 7.458509969315675 6.22346618153772 0.662015356141098 3.51147963806836 0.5653949913035605 3.775041368143949 4.096456105449904 8.809821750578987
8.042376649154386 2.2192145268402754 6.990985465046059 8.939131924712914 6.513069512388393 8.853647204544055 6.362834337675867 1.302618626251777 5.9243143823683955 5.378745222483516 2.31406375504549 0.011149685251168329 3.146796386403956 0.023934908579852365 0.6597351825722997 7.465095144206904 0.4275848643571589 0.7685123106942859 7.350265230481585 1.1938075519121838 6.053636396815735 0.7246733639854952 8.517353919719072 3.4049133797273337 1.0297234408539058 0.2524800941916572 4.386905441138385 0.21240078069196144 1.1256727815557332 7.122241396984062 4.122448584619601 9.030061500651005
6.864849083286664 1.6149477798351197 7.8894370163213665 6.468596356802855 4.6577282096265975 9.535122738229461 1.1089055367235856 8.07527391643456 2.3309533531120064 2.7667384332081415 3.1594158599875346 9.701156774113496 9.980274990761961 7.731206405448753 6.400081499428834 2.1530649220452847 6.187606317770873 9.68504514292228 4.788317252595683 7.518082907217981 2.712193330952851 5.437534325323259 9.632862412821186 0.15112073058459852 1.5077438938833898 9.34051508089697 3.204949692448371 8.406509839579229 5.505564707124378 6.163721010771361 0.9709736338589214 1.3470151988227574
8.287296780914033 1.8557157570920224 7.44519543875704 5.238015613742403 4.740031048959682 3.7729391874019313 0.8943590476308905 2.259798289858146 0.9969268072058246 4.027421535518831 4.862553512246071 4.485889036967254 3.965122373129648 7.455900712437817 1.380062602430242 9.919632054566048 0.5199755292216768 0.8090425708466509 9.637217567372975 5.623627586832299 6.129940615531718 8.970760789951754 5.947324037874775 4.936951963268918 8.829687728430386 4.524811939699404 8.552614442252523 5.0863147279748375 6.706108809006576 2.3184516959123402 2.968186019026726 3.803082561378639
7.034461415939641 3.8272049694817922 3.406020384779426 1.462910117972852 0.6051309407244021 2.3334655136643856 5.902223186638032 7.144726381927075 6.452021947667726 4.603017081943137 5.093705463196788 8.655983149531465 6.910720465414951 6.4930485131036875 8.135506588760622 9.426143372868282 3.022444491759865 1.137309464818106 2.025725223694821 4.736089257978881 0.6272521368581008 6.863396341857947 5.198169996576666 0.2827169702941934 5.916508935620229 7.146751278907113 9.894300572642168 0.42587364628453805 7.802199657874476 1.483625420165724 4.3998515939827545 1.1590707436035408
1.8582046518678919 8.216767173580312 1.6188885857498758 5.308145543767334 4.15152092934645 8.619520978851698 5.524589100504432 0.5447359258329887 9.582103781950376 8.56870638041714 3.1055917825326373 7.806339022723358 8.818470993168996 2.437357293988537 9.993938640914868 8.324599951378211 0.6722090088319943 6.365049375280797 2.587587460382774 8.379233379259714 9.013575345272141 5.029880400495105 3.418650562875001 9.020587301523948 8.938743933427366 5.9219623480735 7.682030754444735 1.0864322331514376 2.4966604200909193 0.22331561696383506 2.150132815616137 3.1573693781359413
5.225077063691625 1.0873045180330976 6.438003670686473 0.19849608348797787 1.4989050752750899 8.864200909694706 2.295854177293898 9.227830195873143 9.388935343797444 7.72503019527031 9.814690375174484 5.483116716269535 2.9705718046258376 0.7984334609988541 1.3677246479098304 8.211561099952457 7.798239405824957 3.2080003485260122 3.267784901471289 1.8113983472192396 2.872708564581484 2.553890917518463 8.83122902256589 6.666625914093727 6.328126227858349 3.204890091534577 0.019017307590915022 0.9137241266373874 9.509745466812632 9.08953029954818 4.041194639150888 5.16416878714491
2.205969206474634 2.226392393369563 7.416400931238921 6.34838829345716 6.997926380402953 4.211069624476501 2.997896930386532 9.245077159289565 8.90960976294801 5.999569017792052 5.574163361529854 0.027306634513264427 8.573428759379237 0.2393652563515436 3.359323797711471 0.5540825750622169 5.625391672392212 6.127584210211835 3.140234753228067 2.678611182263062 6.354488253400467 4.118170940923461 4.565333451839 4.60099991172012 5.664230431812561 1.644566513731629 8.698132424912263 1.3592914786855692 2.837486938312228 4.50338753167287 0.7014703155358981 1.1319469743382937