32 32
944.72 829.887 844.84 916.377 769.619 838.028 829.441 953.291 973.499 981.251 684.567 806.334 784.437 805.965 794.067 923.927 686.074 852.096 737.791 884.248 833.907 847.915 883.16 1021.05 1003.72 805.591 950.555 729.054 851.371 790.085 758.91 681.521
838.093 624.382 832.869 765.155 646.398 676.279 711.568 861.824 846.606 850.264 673.136 827.526 799.872 627.709 675.676 778.086 647.663 805.768 641.041 745.493 719.179 704.027 702.479 744.561 861.766 699.339 796.239 638.639 809.312 686.056 561.154 615.977
800.871 782.927 699.847 756.79 683.392 742.506 737.899 708.459 730.476 925.834 597.667 740.38 713.862 693.918 773.004 788.412 626.857 748.721 741.11 805.825 814.272 835.674 713.695 846.118 890.834 691.333 800.875 737.375 652.923 685.252 543.682 551.306
1058.15 833.222 995.554 974.072 816.229 874.604 832.173 957.38 1008.81 1054.6 780.838 895.094 828.798 850.021 909.057 890.367 781.196 910.486 926.209 848.052 840.108 977.061 900.429 950.001 1011.21 879.504 1069.05 893.963 953.08 763.915 749.327 745.115
925.833 955.977 861.367 949.318 833.95 833.934 926.475 975.095 1071.9 1179.17 745.271 897.485 859.936 710.103 841.308 938.531 770.927 988.007 854.386 914.377 1018.13 892.484 864.015 1137.36 1126.48 822.107 1019.68 799.039 888.234 808.659 774.09 805.008
820.876 593.378 902.367 854.964 723.894 822.407 629.301 806.411 825.78 854.751 695.185 695.312 753.309 733.382 668.068 768.327 646.702 793.11 726.896 739.218 744.639 728.176 788.91 720.398 818.841 690.928 791.295 715.862 739.723 704.776 519.143 656.073
692.38 568.869 720.607 729.313 623.04 622.443 614.818 746.026 777.971 762.557 564.451 553.347 616.737 545.28 577.41 705.988 527.833 728.264 677.44 638.183 700.115 652.757 610.838 749.179 734.892 531.556 740.012 633.164 655.348 631.552 542.798 568.2
983.618 834.085 921.773 985.778 814.523 759.988 735.484 1029.17 903.825 1049.47 705.312 875.185 878.717 944.856 852.733 931.191 688.142 932.707 844.576 913.113 906.187 971.356 823.345 968.021 1069.75 871.417 990.498 834.942 830.568 753.073 716.456 691.551
1128.72 1097.86 1127.21 1089.37 989.766 991.038 1143.28 1176.7 1204.27 1360.71 932.091 1133.09 1111.62 924.703 1056.76 1211.89 924.708 1190.9 975.898 1195.87 1195.16 1160.18 1038.46 1279.69 1358.58 959.491 1246.32 963.331 1097.1 1019.27 829.45 834.592
919.401 741.819 932.2 997.944 809.325 702.332 898.154 868.187 978.813 1022.04 682.627 868.027 763.244 804.455 795.337 1007.79 626.548 968.817 862.86 940.068 944.549 940.396 793.098 952.818 1014.95 798.531 989.743 842.369 919.846 800.656 661.881 667.832
794.736 785.688 786.959 829.397 688.148 698.001 776.742 853.856 855.888 936.051 570.246 755.869 749.827 649.316 728.107 785.869 690.187 861.16 784.934 772.835 881.151 860.18 723.303 848.33 874.869 665.058 879.042 785.906 747.441 702.872 567.583 618.068
710.475 765.262 622.329 693.293 604.784 592.052 707.391 705.689 713.606 870.953 510.016 670.474 625.809 583.531 663.363 718.268 553.102 762.239 626.182 662.482 809.455 752.984 549.959 830.088 817.746 581.783 709.733 594.945 591.001 603.104 571.219 526.737
753.736 653.804 742.127 789.834 648.008 652.881 634.032 672.432 713.121 751.759 478.859 611.521 553.785 613.388 692.784 783.018 441.773 650.378 683.423 694.539 749.084 745.194 657.344 660.371 745.648 566.568 755.704 611.962 626.3 581.19 550.524 577.721
730.431 705.429 667.733 756.265 697.014 639.653 752.41 747.616 774.959 907.109 619.294 660.757 638.875 618.637 662.048 757.905 589.786 748.791 760.438 727.227 757.515 807.593 724.951 797.618 817.066 618.707 825.444 712.329 606.248 730.937 575.327 546.99
839.106 752.546 850.098 826.708 779.886 722.793 773.757 864.896 894.745 1043.58 725.044 874.903 891.895 725.994 768.753 963.529 609.128 906.689 814.458 844.756 880.289 924.115 770.26 801.581 943.631 793.5 978.27 716.988 795.704 721.01 603.977 615.062
816.965 740.215 820.868 837.065 732.179 758.419 699.53 812.072 939.204 895.168 592.073 810.423 755.957 557.266 734.463 872.654 619.8 831.065 782.384 798.86 773.457 762.06 848.314 848.113 893.364 666.337 885.764 673.16 804.219 678.314 646.707 727.318
1040.99 896.711 875.848 961.921 768.113 820.231 911.859 931.868 910.191 1133.5 683.456 906.547 819.012 771.459 858.224 898.094 785.288 942.954 1019.37 898.448 940.194 1027.82 921.395 984.702 1023.64 770.658 1081.18 897.629 900.925 865.899 762.01 851.967
869.943 716.809 887.213 968.879 813.745 718.772 710.752 948.074 964.314 893 601.962 791.274 774.013 707.075 660.268 871.353 575.743 826.767 786.008 909.423 802.881 759.561 804.997 880.658 921.758 752.419 904.239 798.881 813.509 745.612 608.308 723.215
716.99 666.601 698.69 757.868 657.702 633.085 666.388 720.934 760.206 846.881 621.895 668.126 706.353 735.91 701.28 776.625 561.46 780.796 742.888 758.658 795.741 727.863 604.152 763.598 819.579 621.062 787.121 755.864 634.914 620.956 470.402 543.698
911.061 745.267 889.074 863.12 798.302 685.283 819.618 984.559 984.482 1017.35 693.491 857.237 885.2 710.615 682.774 865.144 727.53 971.936 775.507 821.31 897.781 824.507 807.498 865.47 976.272 754.645 891.429 771.613 828.585 845.071 622.222 648.055
861.748 880.73 892.085 974.634 805.953 833.31 814.457 875.071 888.731 1083.29 721.978 913.484 841.9 798.265 840.074 1007.38 713.383 962.021 859.237 927.11 941.236 882.525 892.827 927.134 986.794 855.283 900.264 860.214 872.798 711.94 636.25 837.382
808.649 806.956 779.574 778.329 678.841 752.72 785.224 824.877 841.211 1029.03 681.245 828.055 853.945 673.55 837.371 969.385 592.834 848.769 768.963 800.356 855.754 853.134 797.279 778.336 879.379 831.363 882.656 712.893 723.354 661.615 551.556 607.934
788.958 781.166 785.37 829.515 714.888 686.489 768.323 830.923 830.199 940.385 588.657 756.704 770.584 662.265 713.795 801.97 621.253 845.556 723.655 807.067 832.024 861.53 724.177 866.871 908.445 687.262 905.832 702.336 747.605 669.388 570.724 597.647
707.01 713.607 658.04 744.135 642.89 626.876 752.401 681.603 764.409 823.65 516.681 632.714 626.681 551.179 652.749 711.73 589.661 783.448 644.755 733.543 751.975 705.688 645.781 867.846 804.233 627.781 780.074 663.811 687.202 633.049 550.338 521.171
1036.73 852.088 1107.91 1142.96 958.834 841.636 953.757 1052.99 1110.37 1122.35 772.734 866.813 936.452 878.369 803.612 1087.85 826.271 1102.55 967.114 1029.76 1066.5 988.147 946.32 1176.9 1142.09 884.502 1071.29 980.393 1064.93 902.617 744.811 834.906
754.092 654.264 834.939 872.01 711.844 632.263 686.994 835.255 778.223 857.399 607.961 688.79 727.739 770.228 685.74 813.298 578.395 814.242 700.518 753.144 702.907 804.647 784.039 753.626 817.172 765.791 935.77 707.155 759.519 600.719 547.073 520.576
867.773 852.704 833.607 893.457 837.779 744.749 917.815 892.81 942.581 996.836 711.902 719.116 804.807 755.312 858.158 973.129 663.315 833.296 769.928 865.822 856.946 853.864 876.762 885.969 936.415 779.941 928.667 796.497 760.431 754.456 676.192 670.407
822.399 807.703 768.159 857.331 775.479 742.489 897.059 877.524 1057.25 1046.24 691.56 902.719 823.429 656.017 822.722 890.906 663.459 962.489 790.194 930.246 842.131 756.556 846.471 918.271 960.998 812.733 995.633 815.224 823.71 815.752 679.198 665.073
972.016 882.677 855.714 936.831 783.764 763.583 902.614 978.416 934.04 1102.63 701.383 958.428 910.649 819.618 838.064 998.592 712.691 990.622 929.614 964.937 913.848 970.156 898.788 937.859 999.315 889.228 1050.23 906.082 877.496 845.142 693.532 725.053
878.318 853.884 822.341 814.723 680.468 718.055 738.395 876.081 850.378 990.304 675.274 912.093 828.938 733.714 829.562 906.371 645.86 756.52 757.204 851.226 816.725 885.809 763.079 881.671 981.907 745.549 936.002 706.889 801.551 610.102 582.519 699.177
752.842 690.232 794.994 805.612 665.408 679.015 771.558 823.65 918.757 894.371 691.549 774.976 679.441 632.68 689.368 808.346 619.488 769.913 728.749 802.352 687.392 810.388 821.644 883.855 844.773 717.628 984.322 707.309 856.582 671.767 635.216 617.725
666.593 728.223 687.721 739.078 631.379 633.363 790.961 747.197 828.389 911.935 674.864 733.459 703.258 630.851 726.715 775.791 618.047 775.135 682.241 799.568 743.186 638.058 669.283 782.85 828.265 685.108 776.508 771.351 704.881 630.706 503.961 665.372
