32 32
944.7201135133128 829.887153327205 844.8394902037819 916.3772151860869 769.6191094793902 838.0275140384957 829.4407753857206 953.2904603935758 973.498937802174 981.2505656984818 684.5669766707802 806.3338753277549 784.4370408097598 805.9647896403857 794.0666610390997 923.9265150371918 686.074117525091 852.0957562004079 737.7906464687242 884.2483157569113 833.9069824775264 847.9149885838658 883.1595176772662 1021.0498470151564 1003.7172093450487 805.5906099200636 950.5547795528491 729.0542134070915 851.3708925781258 790.0853622735515 758.9097218856725 681.5211089778286
838.0934237869625 624.3820913249435 832.8689068807367 765.1547512912215 646.3980102866684 676.2792215013791 711.5679686314857 861.8242921839785 846.6060467254088 850.2644263027963 673.1361051860134 827.5256634581251 799.872082268034 627.7092943423373 675.6758736388718 778.0859581311374 647.6625978006879 805.7679766828277 641.0409554813602 745.492719708955 719.1787482874826 704.027042284481 702.4794840168555 744.5613116997612 861.7656480559734 699.3386922830083 796.2388168640301 638.6388477667866 809.3118273824911 686.0565447597689 561.1542915490322 615.9769117647419
800.8713382692093 782.9266264600037 699.8468714260508 756.7903008602788 683.3921122795368 742.5062602404329 737.8994467307382 708.4588724015673 730.4756439171673 925.8338582455996 597.6673272952505 740.3797807587782 713.8620056599023 693.9184250251262 773.0039623278441 788.4120902421361 626.8570514168225 748.7211687676818 741.1101951758308 805.8245245692273 814.2719032700201 835.674428507395 713.6953698643127 846.1178539387162 890.8339018706841 691.3332264657038 800.8751272476097 737.3755138478606 652.9234342634769 685.2515002301413 543.6820892583445 551.305667684269
1058.1499789603338 833.2219096355634 995.5536206371354 974.0722205759871 816.2285724898397 874.6038472069794 832.1726736142799 957.380164664036 1008.8123519869338 1054.6014806178675 780.8376674395321 895.0939919909927 828.7978512002311 850.0214310675229 909.0569332188562 890.3671637473266 781.1956315007004 910.4864756104457 926.2092966468883 848.0523792814749 840.107853178301 977.0610375580194 900.4289446040253 950.0009253900663 1011.2138398792216 879.5039110634751 1069.0504601233313 893.9625605666969 953.0795865480397 763.9153800777848 749.3268417636885 745.1154325903354
925.833181557595 955.9773546681748 861.3669265452994 949.318493186115 833.949610259119 833.9342830627362 926.4752452619996 975.0952316863561 1071.8988336587738 1179.1679847524604 745.2712515597045 897.4848103797706 859.9362478253333 710.102887336404 841.3081628756792 938.5309421609804 770.9275430150172 988.0071224205909 854.3861697642172 914.377203785319 1018.1310469971785 892.4839444769218 864.014925260393 1137.3628227079143 1126.4771789018005 822.1070530241714 1019.679089885501 799.039214567797 888.2335561326852 808.659063653219 774.0902659919004 805.0081580726705
820.8762655691644 593.3776558434729 902.3665009512314 854.9641982264393 723.8941925360607 822.4068421620782 629.301054172869 806.4107415209002 825.7795205516968 854.7513909206075 695.1845323667761 695.3124921460429 753.3087189616344 733.3817363200254 668.0675363935434 768.3272439598271 646.7016666723189 793.1104007196282 726.8961201505498 739.2178690680753 744.6392129534862 728.1763118792277 788.9096023817763 720.3984114116506 818.8413302703941 690.9282061080021 791.2953831875144 715.8616522815057 739.7225871368269 704.7759136689332 519.1425387928778 656.0728505827041
692.3803913285186 568.8691071232827 720.6065259425732 729.3130713094647 623.0399378062182 622.4430689336992 614.8179160534477 746.0260442116955 777.9706318040766 762.556743142068 564.4512928843229 553.3468463350227 616.7372996516252 545.2798902621165 577.4100725352686 705.9883244963523 527.8335246710844 728.2637496835018 677.4394857509808 638.182876134037 700.1151946365896 652.7573435155355 610.8380809823716 749.1790052057204 734.8924915072674 531.5554987534059 740.0118489360551 633.1643575690285 655.3479285168482 631.5517261513763 542.798257658367 568.2003672698778
983.6183658958771 834.0845582849747 921.773110526111 985.7784549057949 814.5234698858208 759.9877207569244 735.4843084598486 1029.1717866903646 903.8247050775582 1049.4715356921815 705.31242550116 875.1846405269836 878.7170883031241 944.8562838129651 852.7331234318274 931.1909386402305 688.1414707055499 932.706900808083 844.5758604991722 913.1131367127668 906.1865227013558 971.3561026192071 823.3453749077347 968.0215429285238 1069.7468276313127 871.4165703943169 990.4977796915009 834.9419146519598 830.5675527035837 753.0732139576456 716.455948089268 691.5509981823934
1128.7173807844001 1097.8585882198809 1127.2112944556845 1089.3674380969792 989.7661000089803 991.0380344599276 1143.2810370053414 1176.6972382416907 1204.270088852095 1360.7149682084641 932.0905883734783 1133.0939469390073 1111.619106908042 924.702643611722 1056.7624008722553 1211.8930348892418 924.7080453507562 1190.9031114597626 975.8979719563355 1195.8743915967111 1195.1565878369508 1160.1776087411547 1038.4560115034765 1279.6892126354935 1358.5751469924091 959.4912390117273 1246.3170360890126 963.3309341441802 1097.1028193319391 1019.2684561068577 829.4495761092577 834.591539234614
919.4011211897732 741.8186967693943 932.2003602444465 997.9440950934568 809.3253259694478 702.3320934990745 898.1545015442698 868.1864279649875 978.8132886086004 1022.0386041803152 682.6265121737995 868.0274295893757 763.2434779989405 804.4545590012449 795.3372423333077 1007.7887946656609 626.548273643587 968.8169329786105 862.859793187293 940.067882027128 944.548826208155 940.3956601705244 793.0978563202 952.8176370508572 1014.9530500114677 798.5310464388738 989.7433827089864 842.3686738662354 919.8455767671488 800.6557638831756 661.8810391558352 667.8316254855105
794.7362622582885 785.6880454334838 786.9591612863446 829.3972403643834 688.1479338421552 698.0007591184685 776.7416150330803 853.8562537473044 855.8881526171066 936.0505891395343 570.2462304824164 755.8685953086355 749.8267961349663 649.3162595696983 728.1075856687393 785.8692481161681 690.1870841454086 861.1601186718714 784.9341415580174 772.8355208726359 881.1507498530257 860.1801944787936 723.3031253902507 848.3297473624006 874.8689738994137 665.057835307957 879.0420313268551 785.9057856160828 747.4414384297738 702.8724056496125 567.5831351293352 618.0679268466099
710.4749501333267 765.2624028492065 622.3293022648901 693.2928397957268 604.7835867249072 592.052543234713 707.390942013451 705.6889877191385 713.60625536127 870.952901459695 510.01604966093925 670.4743907539082 625.8092372775608 583.5314188563268 663.3629706938017 718.2682388677702 553.1016111843904 762.2385461382896 626.1816365889532 662.482160155035 809.4545493457834 752.9836533431783 549.9588594008718 830.0881504982117 817.7462231748059 581.7830216610779 709.7333966002603 594.9447745591043 591.001210661309 603.1045307448678 571.2185369415888 526.7365928935963
753.736200521849 653.8037640715462 742.127116414205 789.8345289721291 648.0082030585304 652.8812714728523 634.0321135006305 672.4318482414664 713.1208021379654 751.7594477576108 478.8587429106984 611.5207151062594 553.7847668694858 613.3880981211702 692.7837115894805 783.0177404258585 441.77299100273353 650.3777557249354 683.4234839134724 694.5394197984459 749.0837620807024 745.1941752665816 657.3441971410061 660.3707337732005 745.6478084111106 566.567629422406 755.7039647476397 611.9620828048334 626.3000587119102 581.1903861755828 550.524189808611 577.7210234780537
730.4312973004678 705.4291894147609 667.7333677094699 756.2654977570346 697.0139872105738 639.653062342708 752.4096926939078 747.6164653626007 774.9590444121861 907.1086893442487 619.2938351958281 660.7573028373417 638.8746109518993 618.636727744981 662.0477046887378 757.9046055033209 589.7858583301588 748.7908775246253 760.43821251882 727.2272188605835 757.5151366502598 807.5932571434436 724.9504459626881 797.6175969344006 817.0664241937469 618.7073547700016 825.444199322807 712.3293370274123 606.2475651149865 730.9364872806145 575.32699734828 546.9901902428506
839.1062913879241 752.5462409012937 850.0978633630415 826.7080991700391 779.8864232698382 722.7931441001714 773.7568203528629 864.8958265712726 894.7444652332217 1043.5814414265562 725.044439675464 874.9027152458231 891.8950118155135 725.9944630096479 768.752837373081 963.5287284166104 609.1275750221166 906.6892970663938 814.4577344689621 844.7555659489861 880.2891470105334 924.1147087553352 770.2594853988055 801.5811908971388 943.630563852031 793.5004381366113 978.2694549448776 716.9883770895777 795.7037870336862 721.0104223565344 603.9767239563054 615.0619600258763
816.9652853829609 740.2145704445959 820.867567949694 837.0647888223327 732.1787032625849 758.4190864234237 699.5298655847075 812.0714388548909 939.2040115585002 895.1683291509112 592.0734123090075 810.4233178858668 755.956792002165 557.2664339465351 734.4626675204668 872.6543245685017 619.7995779888842 831.0653853435929 782.3843755537063 798.8603589348693 773.4571916010336 762.0602622971395 848.3140772562355 848.1126269286876 893.363916848937 666.33709661414 885.7637724972758 673.1603242988954 804.2185784441002 678.3136360424794 646.7069799897372 727.3184458156824
1040.9890281182827 896.7107099513574 875.8477795904356 961.9215512117363 768.1126915857019 820.2312257500083 911.8589411553762 931.8678646493479 910.1907697510761 1133.5008640443932 683.4561615619451 906.5468435221937 819.0123330403119 771.4590478751288 858.2233628232384 898.0939817420938 785.2884058853112 942.953638192956 1019.3662980860763 898.4475334924167 940.1935383145079 1027.8220367226572 921.3950957771575 984.7022283191517 1023.6441630878148 770.6582451353099 1081.1794861151013 897.6288168918854 900.9248383885547 865.8994534552863 762.0099576658988 851.9667901554194
869.943040650504 716.8089476544747 887.2129846745203 968.8788079670275 813.7451428079909 718.7723332993409 710.7524300863247 948.0736186664112 964.3135436381558 892.9996639499277 601.9624303273514 791.2740879779788 774.0129786668876 707.0744818964192 660.2675752858494 871.352908959686 575.7427058618237 826.7666547056427 786.0075537485743 909.4233716177165 802.8812885941295 759.5611089755612 804.9975105282921 880.6576799214113 921.7580920453419 752.4194469448133 904.2391616699992 798.8808466396084 813.5094270558035 745.6120574299518 608.3079671499474 723.2146319123858
716.989763055156 666.6013630562617 698.6897959737137 757.8676439091771 657.7015350972528 633.0854231439628 666.3877715301658 720.933711492401 760.2060245092938 846.8809180310233 621.895205303521 668.1264961047675 706.3529646200534 735.9103654510827 701.2799753430097 776.6245192828203 561.4600985394046 780.7961460676044 742.8876415965505 758.6581304243176 795.7409057259651 727.8629236251307 604.1519281557697 763.5981476805198 819.5792748802279 621.0620447460595 787.1207594402483 755.863611056838 634.9138598156727 620.9555942898666 470.4024322118811 543.6977468543406
911.0611472516799 745.2674045289755 889.074288761782 863.1201756535119 798.3015373461576 685.283445044816 819.6178911622897 984.5586810390333 984.4822454951592 1017.3503514108016 693.4905032266417 857.2370939739739 885.2000610199384 710.6148102933446 682.7744581839731 865.1441967556603 727.5303880820265 971.9363528291697 775.507346369954 821.3104161632095 897.7805254889352 824.5071467322794 807.4982728014027 865.4696022341004 976.2717304837014 754.6445518737829 891.4290561173985 771.613298751415 828.5849956526122 845.0705091832424 622.2220430386528 648.0547427502623
861.7478643640434 880.7301991202276 892.0848322507818 974.6343432488978 805.9533805660175 833.3099408620591 814.4569588624969 875.0710588513164 888.7307700089922 1083.2894241602992 721.9777900395742 913.4841167843729 841.8995709390372 798.2654608966129 840.0737684434031 1007.3845884616088 713.3832716520121 962.0209260276908 859.2374292480482 927.1096434339231 941.2362332296392 882.5252937610902 892.8266712003287 927.1341379794129 986.7935285809815 855.2833354352166 900.2642276698218 860.214324032574 872.7979726539654 711.9396921219701 636.2503228655587 837.3819161107231
808.6488542445271 806.9563818257499 779.5743607012566 778.328757862879 678.8405560060089 752.7198826361832 785.2244699187618 824.8764804159508 841.2107139481363 1029.033084276814 681.2446947668427 828.0547061082876 853.9451605159585 673.5498382139012 837.3712731159404 969.3853507427812 592.8344299049082 848.7686562634308 768.9631022776618 800.3563615158433 855.754118602939 853.1335382184823 797.2788807736065 778.336424335808 879.3792614765897 831.3627338426759 882.6560548899472 712.8928735646449 723.3536832244358 661.6153220729905 551.5561022787662 607.9343886389684
788.9582857608941 781.1657253598117 785.3703223756006 829.5148529512463 714.8877640407501 686.4887634539207 768.3228407071522 830.9229649706785 830.1994236898836 940.3850045645229 588.656989250405 756.703747810065 770.5839309986385 662.2651619015851 713.7945508323769 801.9699839945565 621.2532935114333 845.5561091797497 723.654826948776 807.0667973053902 832.0244109627787 861.5301437061272 724.177411666344 866.870743477319 908.4449590965577 687.2624865932501 905.8315103943379 702.3358112339288 747.605024164858 669.3880463618488 570.7235809447446 597.6471506724249
707.0101300671868 713.6072511541254 658.0403971902806 744.1350273730961 642.890041097401 626.8757749455863 752.4010420484458 681.6028952625543 764.4096314609119 823.6496529098875 516.6814047527051 632.7141380357998 626.6807863924629 551.1785033731345 652.7491570907683 711.7296724257935 589.6604632032438 783.448201537517 644.7553552606468 733.5432155783067 751.9750612026669 705.6880439657415 645.7806366859419 867.8461283021479 804.2327868088252 627.7805106390412 780.0736509734039 663.8107519101884 687.2022976086189 633.0492385090075 550.3376529969802 521.1708672822413
1036.7276557885716 852.0875885268979 1107.9135556108342 1142.9554997193923 958.8339311471734 841.6358168471845 953.7569433844304 1052.9874472511847 1110.3749728055134 1122.3537980354 772.7341250184606 866.8129081365282 936.45189493489 878.3686400227596 803.612551591706 1087.8478100914515 826.271098667218 1102.5489335738964 967.1143328142983 1029.7598455399966 1066.5033227824727 988.1466990227857 946.3201299429792 1176.9030518069394 1142.0883007683244 884.5018598712294 1071.289666616178 980.3933192122885 1064.9301758572194 902.6168537387048 744.8110075867213 834.9055684147348
754.091948911274 654.2643524943024 834.9393427278604 872.0097771512386 711.844061196802 632.2627729266281 686.9941474496595 835.2550887307713 778.2226265859599 857.3994614510153 607.9607147319209 688.789626689091 727.7387189078265 770.2276271063582 685.7395827506493 813.2977730781188 578.394757583427 814.2420334895792 700.5179291496523 753.1438351423228 702.9071391962376 804.6469374000366 784.0393381144331 753.6256903257024 817.171874250888 765.7905927946415 935.7701253387103 707.1554145431141 759.5193321416409 600.7194128356645 547.0731693785125 520.5758022580417
867.7730781681609 852.7036318733047 833.607072753437 893.4570751872886 837.778992013922 744.7488023035994 917.8150110884626 892.8095481696125 942.5811614334393 996.8362092172965 711.9018736749102 719.1160188132801 804.8067101173469 755.311552445616 858.158077604538 973.1289469950074 663.3154773399889 833.2964682725117 769.9275547547032 865.8219240573095 856.946094371218 853.8638133068529 876.7621992022231 885.9691393851218 936.414836593127 779.9407158326719 928.6666443680543 796.4972068908412 760.430985471253 754.4556287729998 676.1918648185429 670.4071608466963
822.3994184098959 807.702509730971 768.1590488401614 857.331347601558 775.4787341573734 742.4893011130403 897.0593832942144 877.524168983245 1057.248770916112 1046.239168809491 691.5597258263715 902.7194201459415 823.428818861543 656.017509675849 822.7219605933286 890.9061781333561 663.4585552617166 962.4888426544463 790.1942736672032 930.2455895913218 842.1316146993397 756.55565949104 846.4712047699622 918.2710375927456 960.9979445872676 812.7333675169039 995.6327451010076 815.2237805711703 823.7100119444733 815.7517378325194 679.1979904458815 665.0725943164867
972.0159423450577 882.6769731983367 855.7140760592717 936.8305852802134 783.7642686659173 763.582683518987 902.6136300122043 978.4163299592213 934.0402220151129 1102.6317418652259 701.38250675687 958.4282755840943 910.6489426248086 819.6183359502647 838.0641054419252 998.5922776857215 712.6911542443238 990.6224470608124 929.6144773974889 964.9371303521511 913.8479267922567 970.1554190679847 898.7876424049534 937.8589791835066 999.3151471881783 889.2279007112705 1050.225923828232 906.0825604057727 877.4957117770676 845.1422194508349 693.5316024025847 725.0529411618008
878.3176733590382 853.8839265690485 822.3405362217092 814.7224506263951 680.4681999789575 718.0545399698294 738.395002720066 876.0805846427852 850.3780628474551 990.304107315877 675.274210926547 912.0930613444607 828.9376497393265 733.7137948779435 829.561737915669 906.3711217260427 645.8599169197348 756.5196733446124 757.203864461689 851.22638920868 816.7249306795488 885.80892726231 763.0793277212684 881.6705941012815 981.9075262918172 745.5490460926616 936.0024157183016 706.8894933384631 801.5507711417193 610.1015027358595 582.518964496166 699.1766428893667
752.8418551528672 690.232023443039 794.9942453146873 805.6123606754159 665.4082831904658 679.0145695441181 771.5581163111677 823.6495444229039 918.7567707311462 894.3714141444511 691.5494281404187 774.9763476260899 679.4411029954643 632.6800842708818 689.368049938258 808.3461916578442 619.4877915788413 769.9127136398589 728.7485456980291 802.3514282188486 687.3919295993034 810.3882706423991 821.6438761346914 883.8548549971877 844.7728335432689 717.6278462617372 984.32167016129 707.3089498540658 856.5818858115537 671.7670832732583 635.2164224385947 617.7255005358398
666.5932050245519 728.2233224544184 687.7211166929549 739.0774335837908 631.3788043098947 633.362649988789 790.9605011136109 747.1968835639478 828.388934387783 911.9352016193335 674.8635192247282 733.4590237632385 703.2581133513991 630.8506423891679 726.7151279147525 775.7912502549024 618.0474742724998 775.1347026254263 682.2413074149537 799.5677468186582 743.1862277473848 638.0582581429395 669.2833029424514 782.8503143730236 828.2648397954976 685.1080570478734 776.5081047637859 771.3507181954724 704.8806249140612 630.705948784261 503.96114896954174 665.3724955685623